Fitted Hill equation (R² of 0.998871): -1.30149 + (0.0429815--1.30149)*x^1.21231 / (0.421242^1.21231 + x^1.21231)
top = 0.04298153279319935
bottom = -1.301485569393133
ec50 = 0.4212416921451005
nH = 1.2123102736194906