Fitted Hill equation (R² of 0.999026): 0.085714 + (1.0521-0.085714)*x^1.59507 / (1.25475^1.59507 + x^1.59507)
top = 1.0520993087354873
bottom = 0.08571403069991333
ec50 = 1.2547491837468285
nH = 1.595066311695906